acquire 1574
    0379 1574 1578 2460 2581
    2659 2695 2723 2817 2904
    2949 2968 3016 3029 3226
    3243 3516 3908 3928 4460
    4515 4620 4683 4774 4786
    4805 4980 5007 5024 5081
    5408 5441 5510 5517 6030
    6054 6068 6963 6984 7005
    8460 8631 8678 8714
acquiresleep 4772
    0388 4627 4642 4772 5461
allocproc 2455
    2455 2558 2630
allocuvm 1953
    0429 1953 1967 1973 2609
    6814 6831
alltraps 3404
    3359 3367 3380 3385 3403
    3404
ALT 8160
    8160 8188 8190
argfd 6221
    6221 6272 6287 6307 6318
    6331
argint 3695
    0403 3695 3708 3724 3819
    3829 3840 3868 3885 3906
    6226 6287 6307 6558 6625
    6626 6681
argptr 3704
    0404 3704 3855 6287 6307
    6331 6707
argstr 3721
    0405 3721 6357 6458 6558
    6607 6624 6657 6681
__attribute__ 1411
    0272 0364 1309 1411
BACK 9064
    9064 9252 9420 9689
backcmd 9100 9414
    9100 9185 9253 9414 9416
    9542 9655 9690
BACKSPACE 8550
    8550 8567 8609 8642 8648
balloc 5166
    5166 5186 5567 5575 5579
BBLOCK 4210
    4210 5173 5208
B_DIRTY 3962
    3962 4445 4469 4474 4510
    4528 4636 4669 5089
begin_op 4978
    0336 2689 4978 6083 6174
    6360 6461 6561 6606 6623
    6656 6785
bfree 5202
    5202 5614 5624 5627
bget 4616
    4616 4646 4656
binit 4588
    0263 1331 4588
bmap 5560
    5295 5560 5586 5669 5719
bootmain 9817
    9768 9817
BPB 4207
    4207 4210 5172 5174 5209
bread 4652
    0264 4652 4927 4928 4940
    4956 5038 5039 5135 5156
    5173 5208 5360 5381 5464
    5576 5620 5669 5719
brelse 4676
    0265 4676 4679 4931 4932
    4947 4964 5042 5043 5137
    5159 5179 5184 5215 5366
    5369 5390 5472 5582 5626
    5679 5723
BSIZE 4155
    3959 4155 4174 4201 4207
    4431 4447 4470 4908 4929
    5040 5157 5669 5670 5674
    5678 5715 5719 5720 5721
buf 3950
    0250 0264 0265 0266 0308
    0335 2120 2123 2132 2134
    3950 3956 3957 3958 4363
    4381 4384 4425 4457 4504
    4506 4509 4576 4580 4584
    4590 4603 4615 4618 4651
    4654 4665 4676 4856 4927
    4928 4940 4941 4947 4956
    4957 4963 4964 5038 5039
    5072 5120 5133 5154 5169
    5204 5356 5378 5455 5563
    5609 5655 5705 8380 8391
    8395 8398 8618 8640 8654
    8688 8709 8716 9262 9265
    9266 9267 9275 9287 9288
    9290 9291 9292 9296
B_VALID 3961
    3961 4473 4510 4528 4657
bwrite 4665
    0266 4665 4668 4930 4963
    5041
bzero 5152
    5152 5180
C 8181 8624
    8181 8229 8254 8255 8256
    8257 8258 8260 8624 8634
    8638 8645 8656 8689
CAPSLOCK 8162
    8162 8195 8336
cgaputc 8555
    8555 8613
clearpteu 2034
    0438 2034 2040 6833
cli 0557
    0557 0559 1224 1660 8510
    8604 9712
cmd 9068
    9068 9080 9089 9090 9095
    9096 9102 9107 9182 9191
    9194 9201 9211 9217 9221
    9229 9253 9255 9352 9355
    9357 9358 9359 9360 9363
    9364 9366 9368 9369 9370
    9371 9372 9373 9374 9375
    9376 9379 9380 9382 9384
    9385 9386 9387 9388 9389
    9400 9401 9403 9405 9406
    9407 9408 9409 9410 9413
    9414 9416 9418 9419 9420
    9421 9422 9512 9513 9514
    9515 9517 9521 9524 9530
    9531 9534 9537 9539 9542
    9546 9548 9550 9553 9555
    9558 9560 9563 9564 9575
    9578 9581 9585 9600 9603
    9608 9612 9613 9616 9621
    9622 9628 9637 9638 9644
    9645 9651 9652 9661 9664
    9666 9672 9673 9678 9684
    9690 9691 9694
CMOS_PORT 7750
    7750 7764 7765 7813
CMOS_RETURN 7751
    7751 7816
CMOS_STATA 7800
    7800 7842
CMOS_STATB 7801
    7801 7835
CMOS_UIP 7802
    7802 7842
COM1 8814
    8814 8824 8827 8828 8829
    8830 8831 8832 8835 8841
    8842 8857 8859 8867 8869
commit 5051
    4903 5023 5051
CONSOLE 4287
    4287 8728 8729
consoleinit 8724
    0269 1327 8724
consoleintr 8627
    0271 8348 8627 8875
consoleread 8671
    8671 8729
consolewrite 8709
    8709 8728
consputc 8601
    8367 8398 8468 8486 8489
    8493 8494 8601 8642 8648
    8655 8716
context 2341
    0251 0376 2303 2341 2372
    2505 2506 2507 2508 2856
    2894 3078
CONV 7852
    7852 7853 7854 7855 7856
    7857 7858 7859
copyout 2118
    0437 2118 6835 6845 6856
copyuvm 2053
    0434 2053 2064 2066 2635
cprintf 8452
    0270 1324 1364 1967 1973
    3076 3080 3082 3540 3553
    3558 3788 5294 5672 5674
    5676 7713 7962 8452 8512
    8513 8514 8517
cpu 2301
    0311 1364 1366 1378 1506
    1566 1590 1608 1647 1661
    1662 1663 1671 1673 1717
    1730 1736 1883 1884 1885
    1886 1889 2301 2312 2316
    2327 2473 2513 2527 2529
    2856 2887 2893 2894 2895
    3540 3553 3558 7363 7713
    8512
cpunum 7701
    0326 1324 1364 1388 1723
    3515 3541 3554 3560 7701
    7973 7982
CR0_PE 0727
    0727 1237 1270 9743
CR0_PG 0737
    0737 1154 1270
CR0_WP 0733
    0733 1154 1270
CR4_PSE 0739
    0739 1147 1263
create 6507
    6507 6527 6540 6544 6564
    6607 6627
CRTPORT 8551
    8551 8560 8561 8562 8563
    8581 8582 8583 8584
CTL 8159
    8159 8185 8189 8335
DAY 7807
    7807 7824
deallocuvm 1987
    0430 1968 1974 1987 2021
    2612
DEVSPACE 0204
    0204 1832 1845
devsw 4280
    4280 4285 5658 5660 5708
    5710 6012 8728 8729
dinode 4178
    4178 4201 5357 5361 5379
    5382 5456 5465
dirent 4215
    4215 5764 5805 6405 6454
dirlink 5802
    0288 5771 5802 5817 5825
    6380 6539 6543 6544
dirlookup 5761
    0289 5761 5767 5809 5925
    6473 6517
DIRSIZ 4213
    4213 4217 5755 5822 5878
    5879 5942 6354 6455 6511
DPL_USER 0829
    0829 1726 1727 2566 2567
    3473 3568 3577
DYNAMIC 2412
    2412 2480
E0ESC 8166
    8166 8320 8324 8325 8327
    8330
elfhdr 1005
    1005 6780 9819 9824
ELF_MAGIC 1002
    1002 6797 9830
ELF_PROG_LOAD 1036
    1036 6808
end_op 5003
    0337 2691 5003 6085 6179
    6362 6369 6387 6396 6463
    6497 6502 6566 6571 6577
    6586 6590 6608 6612 6628
    6632 6658 6664 6669 6788
    6822 6880
entry 1144
    1011 1140 1143 1144 3352
    3353 6762 6764 6851 7221
    9821 9845 9846
EOI 7567
    7567 7684 7733
ERROR 7588
    7588 7677
ESR 7570
    7570 7680 7681
exec 6774
    0275 6697 6774 6835 8968
    9029 9030 9206 9207
EXEC 9060
    9060 9200 9359 9665
execcmd 9072 9353
    9072 9124 9186 9201 9353
    9355 9621 9627 9628 9656
    9666
exit 2673
    0358 2673 2712 3505 3509
    3569 3578 3822 8917 8920
    8961 9026 9031 9192 9203
    9215 9258 9299 9306
EXTMEM 0202
    0202 0208 1829
fdalloc 6253
    6253 6274 6582 6712
fetchint 3667
    0406 3667 3697 6688
fetchstr 3679
    0407 3679 3726 6694
file 4250
    0252 0278 0279 0280 0282
    0283 0284 0351 2375 4250
    5121 6010 6015 6025 6028
    6031 6051 6052 6064 6066
    6102 6115 6152 6215 6221
    6224 6253 6269 6283 6303
    6316 6328 6555 6704 6908
    6922 8361 8809 9081 9213
    9214 9364 9372 9572
filealloc 6026
    0278 6026 6582 6928
fileclose 6064
    0279 2684 6064 6070 6321
    6584 6715 6716 6954 6956
filedup 6052
    0280 2652 6052 6056 6276
fileinit 6019
    0281 1332 6019
fileread 6115
    0282 6115 6130 6289
filestat 6102
    0283 6102 6333
filewrite 6152
    0284 6152 6184 6189 6309
FL_IF 0710
    0710 1662 1669 2570 2891
    7710
fork 2624
    0359 2624 3812 8960 9023
    9025 9314 9316
fork1 9310
    9105 9222 9232 9239 9254
    9295 9310
forkret 2913
    2423 2508 2913
freerange 3201
    3161 3184 3190 3201
freevm 2015
    0431 2015 2020 2078 2736
    6872 6877
FSSIZE 0162
    0162 4429
gatedesc 0951
    0523 0526 0951 3461
getcallerpcs 1627
    0380 1591 1627 3078 8515
getcmd 9262
    9262 9287
gettoken 9456
    9456 9541 9545 9557 9570
    9571 9607 9611 9633
growproc 2603
    0360 2603 3888
havedisk1 4383
    4383 4414 4512
holding 1645
    0381 1577 1604 1645 2885
holdingsleep 4801
    0390 4508 4667 4678 4801
    5483
HOURS 7806
    7806 7823
ialloc 5353
    0290 5353 5371 6526 6527
IBLOCK 4204
    4204 5360 5381 5464
ICRHI 7581
    7581 7687 7772 7784
ICRLO 7571
    7571 7688 7689 7773 7775
    7785
ID 7564
    7564 7604 7720
IDE_BSY 4366
    4366 4392
IDE_CMD_RDMUL 4373
    4373 4433
IDE_CMD_READ 4371
    4371 4433
IDE_CMD_WRITE 4372
    4372 4434
IDE_CMD_WRMUL 4374
    4374 4434
IDE_DF 4368
    4368 4394
IDE_DRDY 4367
    4367 4392
IDE_ERR 4369
    4369 4394
ideinit 4401
    0306 1333 4401
ideintr 4455
    0307 3524 4455
idelock 4380
    4380 4405 4460 4462 4481
    4515 4529 4532
iderw 4504
    0308 4504 4509 4511 4513
    4658 4670
idestart 4425
    4384 4425 4428 4436 4479
    4525
idewait 4388
    4388 4408 4438 4469
idtinit 3479
    0414 1365 3479
idup 5439
    0291 2653 5439 5912
iget 5404
    5300 5367 5404 5424 5779
    5910
iinit 5284
    0292 2924 5284
ilock 5453
    0293 5453 5459 5475 5915
    6105 6124 6175 6366 6379
    6392 6467 6475 6515 6519
    6529 6574 6661 6791 8683
    8703 8718
inb 0453
    0453 4392 4413 7504 7816
    8314 8317 8561 8563 8835
    8841 8842 8857 8867 8869
    9723 9731 9854
initlock 1562
    0382 1562 2431 3182 3475
    4405 4592 4765 4912 5288
    6021 6936 8726
initlog 4906
    0334 2925 4906 4909
initsleeplock 4763
    0391 4606 4763 5290
inituvm 1903
    0432 1903 1908 2563
inode 4262
    0253 0288 0289 0290 0291
    0293 0294 0295 0296 0297
    0299 0300 0301 0302 0303
    0433 1918 2376 4256 4262
    4281 4282 5124 5280 5290
    5300 5352 5376 5403 5406
    5412 5438 5439 5453 5481
    5508 5526 5560 5606 5637
    5652 5702 5760 5761 5802
    5806 5904 5907 5939 5950
    6355 6402 6453 6506 6510
    6556 6604 6619 6654 6781
    8671 8709
INPUT_BUF 8616
    8616 8618 8640 8652 8654
    8656 8688
insl 0462
    0462 0464 4470 9873
install_trans 4922
    4922 4971 5056
INT_DISABLED 7919
    7919 7967
ioapic 7927
    7457 7474 7475 7924 7927
    7936 7937 7943 7944 7958
IOAPIC 7908
    7908 7958
ioapicenable 7973
    0311 4407 7973 8733 8844
ioapicid 7366
    0312 7366 7475 7492 7961
    7962
ioapicinit 7951
    0313 1326 7951 7962
ioapicread 7934
    7934 7959 7960
ioapicwrite 7941
    7941 7967 7968 7981 7982
IO_PIC1 8007
    8007 8020 8035 8044 8047
    8052 8062 8076 8077
IO_PIC2 8008
    8008 8021 8036 8065 8066
    8067 8070 8079 8080
IO_TIMER1 8759
    8759 8768 8778 8779
IPB 4201
    4201 4204 5361 5382 5465
iput 5508
    0294 2690 5508 5529 5810
    5933 6084 6385 6668
IRQ_COM1 3333
    3333 3534 8843 8844
IRQ_ERROR 3335
    3335 7677
IRQ_IDE 3334
    3334 3523 3527 4406 4407
IRQ_KBD 3332
    3332 3530 8732 8733
IRQ_SLAVE 8010
    8010 8014 8052 8067
IRQ_SPURIOUS 3336
    3336 3539 7657
IRQ_TIMER 3331
    3331 3514 3573 7664 8780
isdirempty 6402
    6402 6409 6479
ismp 7364
    0340 1334 7364 7461 7484
    7488 7955 7975
itrunc 5606
    5124 5514 5606
iunlock 5481
    0295 5481 5484 5528 5922
    6107 6127 6178 6375 6589
    6667 8676 8713
iunlockput 5526
    0296 5526 5917 5926 5929
    6368 6381 6384 6395 6480
    6491 6495 6501 6518 6522
    6546 6576 6585 6611 6631
    6663 6821 6879
iupdate 5376
    0297 5376 5516 5632 5728
    6374 6394 6489 6494 6533
    6537
I_VALID 4276
    4276 5463 5473 5511
kalloc 3238
    0316 1394 1763 1842 1909
    1965 2069 2489 3238 6930
KBDATAP 8154
    8154 8317
kbdgetc 8306
    8306 8348
kbdintr 8346
    0322 3531 8346
KBS_DIB 8153
    8153 8315
KBSTATP 8152
    8152 8314
KERNBASE 0207
    0207 0208 0210 0211 0213
    0214 1416 1634 1829 1958
    2021
KERNLINK 0208
    0208 1830
KEY_DEL 8178
    8178 8219 8241 8265
KEY_DN 8172
    8172 8215 8237 8261
KEY_END 8170
    8170 8218 8240 8264
KEY_HOME 8169
    8169 8218 8240 8264
KEY_INS 8177
    8177 8219 8241 8265
KEY_LF 8173
    8173 8217 8239 8263
KEY_PGDN 8176
    8176 8216 8238 8262
KEY_PGUP 8175
    8175 8216 8238 8262
KEY_RT 8174
    8174 8217 8239 8263
KEY_UP 8171
    8171 8215 8237 8261
kfree 3215
    0317 1975 2003 2005 2025
    2028 2636 2734 3206 3215
    3220 6952 6973
kill 3025
    0361 3025 3559 3870 8967
kinit1 3180
    0318 1319 3180
kinit2 3188
    0319 1337 3188
KSTACKSIZE 0151
    0151 1158 1167 1395 1886
    2493
kvmalloc 1857
    0426 1320 1857
lapiceoi 7730
    0328 3521 3525 3532 3536
    3542 7730
lapicinit 7651
    0329 1322 1356 7651
lapicstartap 7756
    0330 1399 7756
lapicw 7601
    7601 7657 7663 7664 7665
    7668 7669 7674 7677 7680
    7681 7684 7687 7688 7693
    7733 7772 7773 7775 7784
    7785
lcr3 0590
    0590 1868 1891
lgdt 0512
    0512 0520 1235 1732 9741
lidt 0526
    0526 0534 3481
LINT0 7586
    7586 7668
LINT1 7587
    7587 7669
LIST 9063
    9063 9220 9407 9683
listcmd 9093 9401
    9093 9187 9221 9401 9403
    9546 9657 9684
loadgs 0551
    0551 1733
loaduvm 1918
    0433 1918 1924 1927 6818
log 4888 4900
    4888 4900 4912 4914 4915
    4916 4926 4927 4928 4940
    4943 4944 4945 4956 4959
    4960 4961 4972 4980 4982
    4983 4984 4986 4988 4989
    5007 5008 5009 5010 5011
    5013 5016 5018 5024 5025
    5026 5027 5037 5038 5039
    5053 5057 5076 5078 5081
    5082 5083 5086 5087 5088
    5090
logheader 4883
    4883 4895 4908 4909 4941
    4957
LOGSIZE 0160
    0160 4885 4984 5076 6167
log_write 5072
    0335 5072 5079 5158 5178
    5214 5365 5389 5580 5722
ltr 0538
    0538 0540 1890
mappages 1779
    1779 1848 1911 1972 2072
MAXARG 0158
    0158 6677 6778 6842
MAXARGS 9066
    9066 9074 9075 9640
MAXFILE 4175
    4175 5715
MAXOPBLOCKS 0159
    0159 0160 0161 4984
memcmp 7065
    0394 7065 7388 7438 7845
memmove 7081
    0395 1385 1912 2071 2132
    4929 5040 5136 5388 5471
    5678 5721 5879 5881 7081
    7104 8576
memset 7054
    0396 1766 1844 1910 1971
    2507 2565 3223 5157 5363
    6484 6684 7054 8578 9265
    9358 9369 9385 9406 9419
microdelay 7739
    0331 7739 7774 7776 7786
    7814 8858
min 5123
    5123 5670 5673 5720
MINS 7805
    7805 7822
MONTH 7808
    7808 7825
mp 7202
    7202 7358 7380 7387 7388
    7389 7405 7410 7414 7415
    7418 7419 7430 7433 7435
    7437 7444 7454 7459 7500
MPBUS 7252
    7252 7478
mpconf 7213
    7213 7429 7432 7437 7455
mpconfig 7430
    7430 7459
mpenter 1352
    1352 1396
mpinit 7451
    0341 1321 7451
mpioapic 7239
    7239 7457 7474 7476
MPIOAPIC 7253
    7253 7473
MPIOINTR 7254
    7254 7479
MPLINTR 7255
    7255 7480
mpmain 1362
    1309 1339 1357 1362
mpproc 7228
    7228 7456 7466 7471
MPPROC 7251
    7251 7465
mpsearch 7406
    7406 7435
mpsearch1 7381
    7381 7414 7418 7421
multiboot_header 1129
    1128 1129
namecmp 5753
    0298 5753 5774 6470
namei 5940
    0299 2575 5940 6361 6570
    6657 6787
nameiparent 5951
    0300 5905 5920 5932 5951
    6377 6462 6513
namex 5905
    5905 5943 5953
NBUF 0161
    0161 4580 4603
ncpu 7365
    1324 1387 2317 4407 7365
    7467 7468 7469 7490 7721
NCPU 0152
    0152 2316 7363 7467
NDEV 0156
    0156 5658 5708 6012
NDIRECT 4173
    4173 4175 4184 4274 5565
    5570 5574 5575 5612 5619
    5620 5627 5628
NELEM 0441
    0441 1847 3072 3785 6686
nextpid 2422
    2422 2484
NFILE 0154
    0154 6015 6031
NINDIRECT 4174
    4174 4175 5572 5622
NINODE 0155
    0155 5280 5289 5412
NO 8156
    8156 8202 8205 8207 8208
    8209 8210 8212 8224 8227
    8229 8230 8231 8232 8234
    8252 8253 8255 8256 8257
    8258
NOFILE 0153
    0153 2375 2650 2682 6228
    6257
NPDENTRIES 0871
    0871 1412 2022
NPROC 0150
    0150 2417 2462 2533 2701
    2727 2822 2838 3007 3030
    3069
NSEGS 0751
    0751 2305
nulterminate 9652
    9515 9530 9652 9673 9679
    9680 9685 9686 9691
NUMLOCK 8163
    8163 8196
O_CREATE 4053
    4053 6563 9578 9581
O_RDONLY 4050
    4050 6575 9166 9575
O_RDWR 4052
    4052 6596 9014 9016 9125
    9130 9279
outb 0471
    0471 4411 4420 4439 4440
    4441 4442 4443 4444 4446
    4449 7503 7504 7764 7765
    7813 8020 8021 8035 8036
    8044 8047 8052 8062 8065
    8066 8067 8070 8076 8077
    8079 8080 8560 8562 8581
    8582 8583 8584 8777 8778
    8779 8824 8827 8828 8829
    8830 8831 8832 8859 9728
    9736 9864 9865 9866 9867
    9868 9869
outsl 0483
    0483 0485 4447
outw 0477
    0477 1280 1282 9774 9776
O_WRONLY 4051
    4051 6595 6596 9578 9581
P2V 0211
    0211 1319 1337 1384 1761
    1845 1933 2004 2024 2071
    2111 7385 7412 7437 7766
    8552
panic 8505 9303
    0272 1578 1605 1670 1672
    1790 1846 1876 1878 1880
    1908 1924 1927 2003 2020
    2040 2064 2066 2562 2679
    2712 2886 2888 2890 2892
    2937 2940 3220 3555 4428
    4430 4436 4509 4511 4513
    4646 4668 4679 4909 5010
    5077 5079 5186 5212 5371
    5424 5459 5475 5484 5586
    5767 5771 5817 5825 6056
    6070 6130 6184 6189 6409
    6478 6486 6527 6540 6544
    7725 8463 8505 8512 8573
    9106 9196 9231 9303 9316
    9528 9572 9606 9610 9636
    9641
panicked 8369
    8369 8518 8603
parseblock 9601
    9601 9606 9625
parsecmd 9518
    9107 9296 9518
parseexec 9617
    9514 9555 9617
parseline 9535
    9512 9524 9535 9546 9608
parsepipe 9551
    9513 9539 9551 9558
parseredirs 9564
    9564 9612 9631 9642
PCINT 7585
    7585 7674
pde_t 0103
    0103 0427 0428 0429 0430
    0431 0432 0433 0434 0437
    0438 1310 1370 1412 1710
    1754 1756 1779 1836 1839
    1842 1903 1918 1953 1987
    2015 2034 2052 2053 2055
    2102 2118 2366 6783
PDX 0862
    0862 1759 1999
PDXSHIFT 0877
    0862 0868 0877 1416
peek 9501
    9501 9525 9540 9544 9556
    9569 9605 9609 9624 9632
PGADDR 0868
    0868 1999
PGROUNDDOWN 0880
    0880 1784 1785 2125
PGROUNDUP 0879
    0879 1963 1995 3204 6830
PGSIZE 0873
    0873 0879 0880 1411 1766
    1794 1795 1844 1907 1910
    1911 1923 1925 1929 1932
    1964 1971 1972 1996 1999
    2062 2071 2072 2129 2135
    2564 2571 3205 3219 3223
    6816 6831 6833
PHYSTOP 0203
    0203 1337 1831 1845 1846
    3219
picenable 8025
    0344 4406 8025 8732 8780
    8843
picinit 8032
    0345 1325 8032
picsetmask 8017
    8017 8027 8083
pinit 2429
    0362 1329 2429
pipe 6912
    0254 0352 0353 0354 4255
    6081 6122 6159 6912 6924
    6930 6936 6940 6944 6961
    6980 7001 8963 9230 9231
PIPE 9062
    9062 9228 9386 9677
pipealloc 6922
    0351 6709 6922
pipeclose 6961
    0352 6081 6961
pipecmd 9087 9380
    9087 9188 9229 9380 9382
    9558 9658 9678
piperead 7001
    0353 6122 7001
PIPESIZE 6910
    6910 6914 6986 6994 7016
pipewrite 6980
    0354 6159 6980
popcli 1667
    0385 1622 1667 1670 1672
    1892
printint 8377
    8377 8476 8480
proc 2364
    0255 0435 1305 1558 1706
    1737 1873 2313 2328 2364
    2370 2406 2417 2420 2454
    2457 2462 2517 2531 2533
    2555 2607 2609 2612 2615
    2616 2627 2635 2641 2642
    2643 2651 2652 2653 2655
    2675 2678 2683 2684 2685
    2690 2692 2698 2701 2702
    2708 2710 2720 2727 2728
    2751 2757 2810 2822 2838
    2853 2861 2889 2894 2905
    2936 2954 2955 2957 2958
    2963 3005 3007 3027 3030
    3065 3069 3455 3504 3506
    3508 3551 3559 3560 3562
    3568 3573 3577 3655 3669
    3683 3686 3697 3710 3784
    3786 3789 3790 3807 3876
    3887 3911 4357 4758 4779
    5116 5912 6211 6228 6258
    6259 6320 6668 6670 6714
    6755 6863 6866 6867 6868
    6869 6870 6871 6904 6987
    7007 7361 7456 7466 7468
    7561 8364 8681 8811
procdump 3054
    0363 3054 8666
proghdr 1024
    1024 6782 9820 9834
P_SCHED 2411
    2411 2477 2513 2537
pseudo_main 6762
    6762 6835
PTE_ADDR 0894
    0894 1761 1928 2001 2024
    2067 2111
PTE_FLAGS 0895
    0895 2068
PTE_P 0883
    0883 1414 1416 1760 1770
    1789 1791 2000 2023 2065
    2107
PTE_PS 0890
    0890 1414 1416
pte_t 0898
    0898 1753 1757 1761 1763
    1782 1921 1989 2036 2056
    2104
PTE_U 0885
    0885 1770 1911 1972 2041
    2109
PTE_W 0884
    0884 1414 1416 1770 1829
    1831 1832 1911 1972
PTX 0865
    0865 1772
PTXSHIFT 0876
    0865 0868 0876
pushcli 1655
    0384 1576 1655 1882
rcr2 0582
    0582 3554 3561
readeflags 0544
    0544 1659 1669 2891 7710
read_head 4938
    4938 4970
readi 5652
    0301 1933 5652 5770 5816
    6125 6408 6409 6795 6806
readsb 5131
    0287 4913 5131 5207 5293
readsect 9860
    9860 9895
readseg 9879
    9814 9827 9838 9879
recover_from_log 4968
    4902 4917 4968
REDIR 9061
    9061 9210 9370 9671
redircmd 9078 9364
    9078 9189 9211 9364 9366
    9575 9578 9581 9659 9672
REG_ID 7910
    7910 7960
REG_TABLE 7912
    7912 7967 7968 7981 7982
REG_VER 7911
    7911 7959
release 1602
    0383 1602 1605 2466 2486
    2585 2664 2744 2752 2828
    2868 2907 2917 2950 2967
    3018 3036 3040 3231 3248
    3519 3912 3917 3930 4462
    4481 4532 4626 4641 4695
    4780 4790 4807 4989 5018
    5027 5090 5415 5431 5443
    5513 5521 6034 6038 6058
    6072 6078 6972 6975 6988
    6997 7008 7019 8501 8664
    8682 8702 8717
releasesleep 4784
    0389 4681 4784 5486
ROOTDEV 0157
    0157 2924 2925 5910
ROOTINO 4154
    4154 5910
run 3164
    3061 3164 3165 3171 3217
    3227 3240
runcmd 9182
    9182 9196 9217 9223 9225
    9237 9244 9255 9296
RUNNING 2350
    2350 2823 2855 2889 3061
    3573
safestrcpy 7132
    0397 2574 2655 6863 7132
sb 5127
    0287 4204 4210 4911 4913
    4914 4915 5127 5131 5136
    5172 5173 5174 5207 5208
    5293 5294 5295 5296 5297
    5359 5360 5381 5464 7833
    7835 7837
sched 2881
    0365 2711 2881 2886 2888
    2890 2892 2906 2960
scheduler 2808
    0364 1367 2303 2808 2856
    2894
SCROLLLOCK 8164
    8164 8197
SECS 7804
    7804 7821
SECTOR_SIZE 4365
    4365 4431
SECTSIZE 9812
    9812 9873 9886 9889 9894
SEG 0819
    0819 1724 1725 1726 1727
    1730
SEG16 0823
    0823 1883
SEG_ASM 0660
    0660 1289 1290 9784 9785
segdesc 0802
    0509 0512 0802 0819 0823
    2305
seginit 1715
    0425 1323 1355 1715
SEG_KCODE 0742
    0742 1243 1724 3472 3473
    9753
SEG_KCPU 0744
    0744 1730 1733 3416
SEG_KDATA 0743
    0743 1253 1725 1885 3413
    9758
SEG_NULLASM 0654
    0654 1288 9783
SEG_TSS 0747
    0747 1883 1884 1890
SEG_UCODE 0745
    0745 1726 2566
SEG_UDATA 0746
    0746 1727 2567
SETGATE 0971
    0971 3472 3473
setupkvm 1837
    0427 1837 1859 2060 2561
    6800
SHIFT 8158
    8158 8186 8187 8335
skipelem 5865
    5865 5914
sleep 2934
    0366 2757 2934 2937 2940
    3059 3915 4529 4765 4776
    4983 4986 6992 7011 8686
    8979
sleeplock 4001
    0258 0388 0389 0390 0391
    3954 4001 4266 4361 4574
    4760 4763 4772 4784 4801
    4854 5118 6009 6214 6907
    8359 8807
spinlock 1501
    0257 0366 0379 0381 0382
    0383 0417 1501 1559 1562
    1574 1602 1645 2407 2416
    2934 3159 3169 3458 3463
    4003 4360 4380 4573 4579
    4759 4853 4889 5117 5279
    6008 6014 6213 6906 6913
    8358 8372 8806
STA_R 0669 0836
    0669 0836 1289 1724 1726
    9784
start 1223 8909 9711
    1222 1223 1266 1274 1276
    4890 4914 4927 4940 4956
    5038 5295 8908 8909 9710
    9711 9767
startothers 1374
    1308 1336 1374
stat 4104
    0259 0283 0302 4104 5114
    5637 6102 6209 6329 6764
    6769 9003 9136 9139
stati 5637
    0302 5637 6106
STA_W 0668 0835
    0668 0835 1290 1725 1727
    1730 9785
STA_X 0665 0832
    0665 0832 1289 1724 1726
    9784
sti 0563
    0563 0565 1674 2814
stosb 0492
    0492 0494 7060 9840
stosl 0501
    0501 0503 7058
strlen 7151
    0398 6844 6845 7151 9290
    9523
strncmp 7108
    0399 5755 7108
strncpy 7118
    0400 5822 7118
STS_IG32 0850
    0850 0977
STS_T32A 0847
    0847 1883
STS_TG32 0851
    0851 0977
sum 7369
    7369 7371 7373 7375 7376
    7388 7442
superblock 4163
    0260 0287 4163 4911 5127
    5131
SVR 7568
    7568 7657
switchkvm 1866
    0436 1354 1860 1866 2857
switchuvm 1873
    0435 1873 1876 1878 1880
    2616 2854 6871
swtch 3108
    0376 2856 2894 3107 3108
syscall 3780
    0408 3507 3657 3780 6757
SYSCALL 8953 8960 8961 8962 8963 8964 8965 8966 8967 8968 8969 8970 8971 8972 8973 8974 8975 8976 8977 8978 8979 8980 8981 8982
    8960 8961 8962 8963 8964
    8965 8966 8967 8968 8969
    8970 8971 8972 8973 8974
    8975 8976 8977 8978 8979
    8980 8981 8982
sys_chdir 6651
    3729 3762 6651
SYS_chdir 3609
    3609 3762
sys_close 6313
    3730 3774 6313
SYS_close 3621
    3621 3774
sys_dup 6267
    3731 3763 6267
SYS_dup 3610
    3610 3763
sys_exec 6675
    3732 3760 6675
SYS_exec 3607
    3607 3760 8913
sys_exit 3816
    3733 3755 3816
SYS_exit 3602
    3602 3755 8918
sys_fork 3810
    3734 3754 3810
SYS_fork 3601
    3601 3754
sys_fstat 6326
    3735 3761 6326
SYS_fstat 3608
    3608 3761
sys_getpid 3874
    3736 3764 3874
SYS_getpid 3611
    3611 3764
sys_kill 3864
    3737 3759 3864
SYS_kill 3606
    3606 3759
sys_link 6352
    3738 3772 6352
SYS_link 3619
    3619 3772
sys_mkdir 6601
    3739 3773 6601
SYS_mkdir 3620
    3620 3773
sys_mknod 6617
    3740 3770 6617
SYS_mknod 3617
    3617 3770
sys_open 6551
    3741 3768 6551
SYS_open 3615
    3615 3768
sys_pipe 6701
    3742 3757 6701
SYS_pipe 3604
    3604 3757
sys_policy 3837
    3751 3776 3837
sys_priority 3826
    3750 3775 3826
SYS_priority 3622
    3622 3775 3776
sys_read 6281
    3743 3758 6281
SYS_read 3605
    3605 3758
sys_sbrk 3880
    3744 3765 3880
SYS_sbrk 3612
    3612 3765
sys_sleep 3901
    3745 3766 3901
SYS_sleep 3613
    3613 3766
sys_unlink 6451
    3746 3771 6451
SYS_unlink 3618
    3618 3771
sys_uptime 3924
    3749 3767 3924
SYS_uptime 3614
    3614 3767
sys_wait 3851
    3747 3756 3851
SYS_wait 3603
    3603 3756
sys_write 6301
    3748 3769 6301
SYS_write 3616
    3616 3769
taskstate 0901
    0901 2304
TDCR 7592
    7592 7663
T_DEV 4102
    4102 5657 5707 6627
T_DIR 4100
    4100 5766 5916 6367 6479
    6487 6535 6575 6607 6662
T_FILE 4101
    4101 6520 6564
ticks 3464
    0415 3464 3517 3518 3909
    3910 3915 3929
tickslock 3463
    0417 3463 3475 3516 3519
    3908 3912 3915 3917 3928
    3930
TICR 7590
    7590 7665
TIMER 7582
    7582 7664
TIMER_16BIT 8771
    8771 8777
TIMER_DIV 8766
    8766 8778 8779
TIMER_FREQ 8765
    8765 8766
timerinit 8774
    0411 1335 8774
TIMER_MODE 8768
    8768 8777
TIMER_RATEGEN 8770
    8770 8777
TIMER_SEL0 8769
    8769 8777
T_IRQ0 3329
    3329 3514 3523 3527 3530
    3534 3538 3539 3573 7657
    7664 7677 7967 7981 8047
    8066
TPR 7566
    7566 7693
trap 3501
    3352 3354 3422 3501 3553
    3555 3558
trapframe 0602
    0602 2371 2497 3501
trapret 3427
    2424 2503 3426 3427
T_SYSCALL 3326
    3326 3473 3503 6769 8914
    8919 8957
tvinit 3467
    0416 1330 3467
uart 8816
    8816 8837 8855 8865
uartgetc 8863
    8863 8875
uartinit 8819
    0420 1328 8819
uartintr 8873
    0421 3535 8873
uartputc 8851
    0422 8610 8612 8848 8851
UNIFORM 2410
    2410 2474 2534
userinit 2553
    0367 1338 2553 2562
uva2ka 2102
    0428 2102 2126
V2P 0210
    0210 1397 1399 1770 1830
    1831 1868 1891 1911 1972
    2072 3219
V2P_WO 0213
    0213 1140 1150
VER 7565
    7565 7673
wait 2718
    0368 2718 3856 8962 9033
    9224 9248 9249 9297
waitdisk 9851
    9851 9863 9872
wakeup 3014
    0369 3014 3518 4475 4789
    5016 5026 6966 6969 6991
    6996 7018 8658
wakeup1 3003
    2426 2698 2705 3003 3017
walkpgdir 1754
    1754 1787 1926 1997 2038
    2063 2106
write_head 4954
    4954 4973 5055 5058
writei 5702
    0303 5702 5824 6176 6485
    6486
write_log 5033
    5033 5054
xchg 0569
    0569 1366 1581
YEAR 7809
    7809 7826
yield 2902
    0370 2902 3574
